do_errors
r_exp  5.48690773
r_exp_dash  7.82892535
r_wp  14.4271525
r_wp_dash  20.5852013
r_p  10.8316093
r_p_dash  17.82788
weighted_Durbin_Watson  0.430881738
gof  2.62937764

xdd Ge6_Ni6_Zr_raw.xy
x_calculation_step 0.002
LP_Factor(0)

	lam
		ymin_on_ymax  0.001
		la  1 lo 1.54056 lh 0.5

	bkg @  144.652251`_0.716246371 -54.5495174`_1.17618753  31.14336`_1.07276338 -19.6546968`_1.00552549  12.8138809`_0.861999985 -12.6835885`_0.936980952
	start_X 5.00
	finish_X 140.00
	
	str
		local !CIF_PHASE_ID 1
		a lp2  5.081258`_0.000071
		b lp2  5.081258`_0.000071
		c lp3  7.951903`_0.000187
		al 90.      
		be 90.     
		ga 120.0000      
		phase_name ZrNi6Ge6
		volume  177.805`_0.006
		scale @  0.000921105693`_3.412e-006
		space_group 191
		site  Zr0   x  0.00000000 y 0.00000000 z 0.50000000  occ Zr 1
  		site  Ni1   x  0.50000000 y 0.00000000 z 0.24900727  occ Ni 1
  		site  Ge2   x  0.33333333 y 0.66666667 z 0.50000000  occ Ge 1
  		site  Ge3   x  0.00000000 y 0.00000000 z 0.15337758  occ Ge 1
  		site  Ge4  x  0.33333333 y 0.66666667 z 0.00000000  occ Ge 1

		TCHZ_Peak_Type(@, 0.20681`_0.02219,@,-0.17653`_0.02090,@, 0.02673`_0.00452,, 0,@, 0.41460`_0.00420,, 0)
C_matrix_normalized
{
                             1   2   3   4   5   6   7   8   9  10  11  12  13
bkg23566720            1:  100 -14  46 -15  39 -25   0  -0 -32   7  -7   4 -26
bkg23563392            2:  -14 100 -17  60 -17  37   0   0  -6  -2   2  -2  -1
bkg23561600            3:   46 -17 100 -18  46  -3   0   1  15 -10   9  -8  18
bkg23563904            4:  -15  60 -18 100 -11  43   0   0   2   1  -1   1   1
bkg23565696            5:   39 -17  46 -11 100 -12   0   0  -5   4  -3   2  -7
bkg23564160            6:  -25  37  -3  43 -12 100   0  -0  21  -5   5  -3  17
lp2                    7:    0   0   0   0   0   0 100 -38  -1  -2   2  -1  -1
lp3                    8:   -0   0   1   0   0  -0 -38 100   0  -2   2  -2   1
scale21314048_         9:  -32  -6  15   2  -5  21  -1   0 100 -14  13  -9  39
m66aa3ac7_0           10:    7  -2 -10   1   4  -5  -2  -2 -14 100 -98  92 -56
m66aa3ac7_1           11:   -7   2   9  -1  -3   5   2   2  13 -98 100 -98  52
m66aa3ac7_2           12:    4  -2  -8   1   2  -3  -1  -2  -9  92 -98 100 -40
m66aa3ac7_3           13:  -26  -1  18   1  -7  17  -1   1  39 -56  52 -40 100
}
Out_pdCIF(ZrGe6Ni6.cif)
Out_FCF(ZrGe6Ni6.fcf)