do_errors                                             
r_exp  3.71783021
r_exp_dash  8.84308009
r_wp  8.30029196
r_wp_dash  19.7427377
r_p  5.74889426
r_p_dash  20.1392511
weighted_Durbin_Watson  0.18991228
gof  2.23256348

xdd K_Bi_O_postheat_054.xy
x_calculation_step 0.002
LP_Factor(0)
	
	lam
		ymin_on_ymax  0.001
		la  1 lo 0.406626 lh 0.5
	
	bkg @  468.494682`_2.36105168  87.2237557`_3.58061671 -107.746958`_3.38063354 -64.1643513`_3.28739024 -5.17575787`_2.96466347 -46.991587`_3.01069485
	start_X 4.00
	finish_X 22


	str
		local !CIF_PHASE_ID 1
		a lp3  4.763758`_0.000240
		b lp3  4.763758`_0.000240
		c lp3  4.763758`_0.000240
		phase_name KBi3
		space_group 221
		scale @  3.33548505e-006`_4.829e-008
		al 90.      
		be 90.      
		ga 90.      
		volume  108.106`_0.016
		TCHZ_Peak_Type(@, 1.73497`_0.27556,@,-0.21033`_0.04484,@, 0.00223`_0.00169,, 0,@, 0.47050`_0.02951,, 0)
		site K0   x  0.0 y 0.0000 z 0.000 occ K 1
		site Bi1  x  0.00000  y  0.50000000  z 0.50000000 occ Bi 1

			
	str
		local !CIF_PHASE_ID 2
		a lp1  3.793895`_0.000290
		b lp1  3.793895`_0.000290
		c lp1  3.793895`_0.000290
		phase_name Bi_V
		space_group 229
		scale @  3.18897452e-006`_9.639e-008
		al 90.      
		be 90.      
		ga 90.      
		volume  54.608`_0.013
		TCHZ_Peak_Type(@, 0.04054`_0.73417_LIMIT_MAX_0.140537007,@, 0.26071`_0.15881,@,-0.02448`_0.00820,, 0,@, 0.13432`_0.05880,, 0)
		site Bi1    x 0             y 0             z 0             occ Bi 1.
		
	
	str
		local !CIF_PHASE_ID 3
		a lp2  4.151539`_0.000188
		b lp2  4.151539`_0.000188
		c lp2  4.151539`_0.000188
		al 90.      
		be 90.      
		ga 90.      
		phase_name MgO
		volume  71.553`_0.010
		scale @  9.44887756e-005`_2.81e-006
		space_group 225
		site Mg1    x 0             y 0             z 0             occ Mg 1.
		site O1     x 0.5           y 0.5           z 0.5           occ O  1.
		TCHZ_Peak_Type(@,-1.00000`_5.46956_LIMIT_MIN_-1,@, 1.12761`_1.30354,@,-0.09531`_0.07589,, 0,@, 0.17291`_0.02461,, 0)
		PO_Spherical_Harmonics(sh, 6 load sh_Cij_prm {
			k00   !sh_c00  1.00000
			k41   sh_c41   1.80389`_0.08840
			k61   sh_c61  -0.29229`_0.04639
			} )
	


C_matrix_normalized
{
                             1   2   3   4   5   6   7   8   9  10  11  12  13  14  15  16  17  18  19  20  21  22  23  24  25  26
bkg20982576            1:  100  25  29  12  31  -2  -3 -38  16 -15  11 -27   1 -15  -5   6  -7 -12  -0 -14   8  -5  -4   4  -4 -16
bkg20975664            2:   25 100  17  50   8  37  -3 -13  -1   2  -2  -3   0  -3  -2   2  -2  -1  -0  -3   4   1  -0  -0   0   4
bkg20977968            3:   29  17 100  17  39   5  -3   2  -4   3  -1   8  -0  16   4  -6   8  15   0  13  -7   0   2  -2   2  14
bkg20978992            4:   12  50  17 100  22  36  -7 -18   6  -5   2 -12   1   1   3  -3   3   1  -0  16 -18  10  -1   2  -2  -4
bkg20976688            5:   31   8  39  22 100  18  -5 -12   3  -3   2  -5   1   2   4  -5   5   5   0  12 -20  20   1  -1   1 -12
bkg20982320            6:   -2  37   5  36  18 100  -3  -7  -1   1   0   1   0   3   3  -4   5   8   0  15 -17  30   4  -5   6  12
lp3                    7:   -3  -3  -3  -7  -5  -3 100   0   1  -1   2  -1   0   6   4  -5   6   7   1 -11  13 -10  14 -14  15  -2
scale20056080_         8:  -38 -13   2 -18 -12  -7   0 100 -37  32 -22  64  -4 -15  -4   8 -10 -19   1 -13  16 -11   0  -1   1   4
m66aa5859_0            9:   16  -1  -4   6   3  -1   1 -37 100 -98  88 -71   2  10   2  -3   4   9  -1   2  -3  -1   8  -8   8  -6
m66aa5859_1           10:  -15   2   3  -5  -3   1  -1  32 -98 100 -96  62  -2  -8  -2   2  -3  -7   0  -1   2   1 -10  10 -10   5
m66aa5859_2           11:   11  -2  -1   2   2   0   2 -22  88 -96 100 -41   1   6   1  -2   2   5  -0   0  -1  -1  10 -10  10  -4
m66aa5859_3           12:  -27  -3   8 -12  -5   1  -1  64 -71  62 -41 100  -5 -17  -3   6  -8 -17   2  -7   9  -1  -1   0   0   6
lp1                   13:    1   0  -0   1   1   0   0  -4   2  -2   1  -5 100   1   1  -1   1   2   0   2  -2   1   2  -2   2  -1
scale20056272_        14:  -15  -3  16   1   2   3   6 -15  10  -8   6 -17   1 100  15 -26  34  75  -0   2   3  -6  -1   1  -1   7
m66aa5859_8           15:   -5  -2   4   3   4   3   4  -4   2  -2   1  -3   1  15 100 -98  93  18  -0  12 -13  10  17 -17  16  -2
m66aa5859_9           16:    6   2  -6  -3  -5  -4  -5   8  -3   2  -2   6  -1 -26 -98 100 -99 -36   0 -13  13 -11 -17  16 -15   1
m66aa5859_a           17:   -7  -2   8   3   5   5   6 -10   4  -3   2  -8   1  34  93 -99 100  49  -0  13 -13  11  16 -15  14   0
m66aa5859_b           18:  -12  -1  15   1   5   8   7 -19   9  -7   5 -17   2  75  18 -36  49 100  -0  10  -8   6   4  -4   4   6
lp2                   19:   -0  -0   0  -0   0   0   1   1  -1   0  -0   2   0  -0  -0   0  -0  -0 100   0  -0   1   1  -1   1   0
scale20056464_        20:  -14  -3  13  16  12  15 -11 -13   2  -1   0  -7   2   2  12 -13  13  10   0 100 -87  55  10  -9   9  24
sh_c41                21:    8   4  -7 -18 -20 -17  13  16  -3   2  -1   9  -2   3 -13  13 -13  -8  -0 -87 100 -72  -9   9  -9   2
sh_c61                22:   -5   1   0  10  20  30 -10 -11  -1   1  -1  -1   1  -6  10 -11  11   6   1  55 -72 100  10 -12  13   1
m66aa5859_10          23:   -4  -0   2  -1   1   4  14   0   8 -10  10  -1   2  -1  17 -17  16   4   1  10  -9  10 100-100  99 -15
m66aa5859_11          24:    4  -0  -2   2  -1  -5 -14  -1  -8  10 -10   0  -2   1 -17  16 -15  -4  -1  -9   9 -12-100 100-100  14
m66aa5859_12          25:   -4   0   2  -2   1   6  15   1   8 -10  10   0   2  -1  16 -15  14   4   1   9  -9  13  99-100 100 -13
m66aa5859_13          26:  -16   4  14  -4 -12  12  -2   4  -6   5  -4   6  -1   7  -2   1   0   6   0  24   2   1 -15  14 -13 100
}
Out_pdCIF(KBi3.cif)
Out_FCF(KBi3.fcf)