do_errors                                  
r_exp  0.914211035
r_exp_dash  4.55924813
r_wp  2.28231895
r_wp_dash  11.3821186
r_p  1.22694307
r_p_dash  13.4500614
weighted_Durbin_Watson  0.292137797
gof  2.49649027

xdd 2_Ru_Bi_postheat_widescan_grid_015.xy
x_calculation_step 0.002
LP_Factor(0)
	
	lam
		ymin_on_ymax  0.001
		la  1 lo 0.406626 lh 0.5
	
	bkg @  10423.6289`_13.9843259  2828.19176`_21.3720169 -20.1658733`_19.0690247 -331.55032`_18.7265531  25.8642538`_16.3062337 -26.4328569`_15.7495859
	start_X 4.00
	finish_X 20.75

	
	str
		local !CIF_PHASE_ID 1
		a lp5  6.326300`_0.000686
		b lp5  6.326300`_0.000686
		c lp6  5.661590`_0.000769
		al 90.      
		be 90.      
		ga 90.      
		phase_name RuBi2
		volume  226.589`_0.058
		scale @  2.39994259e-006`_5.854e-008
		space_group 140
		site Bi1    x 0.33655       y 0.83655       z 0         occ Bi 1.
		site Ru1    x 0.0           y 0.0           z 0.25      occ Ru  1.
		TCHZ_Peak_Type(@,-0.81880`_0.43263_LIMIT_MIN_-1,@, 0.31241`_0.09469,@,-0.02512`_0.00514,, 0,@, 0.45432`_0.03961_LIMIT_MAX_0.554320762,, 0)
		
	
	str
		local !CIF_PHASE_ID 2
		a lp1  3.591527`_0.002459
		b lp1  3.591527`_0.002459
		c lp1  3.591527`_0.002459
		phase_name Bi_V
		space_group 229
		scale @  2.81762418e-006`_7.307e-007
		al 90.      
		be 90.      
		ga 90.      
		volume  46.327`_0.095
		TCHZ_Peak_Type(@, 0.70129`_77.65569_LIMIT_MIN_0.501293143,@, 1.91080`_17.11569_LIMIT_MAX_2,@,-0.15359`_0.88064,, 0,@, 0.00010`_0.40168_LIMIT_MIN_0.0001,, 0)
		site Bi1    x 0             y 0             z 0             occ Bi 1.

	str
		local !CIF_PHASE_ID 3
		a lp2  4.028696`_0.000140
		b lp2  4.028696`_0.000140
		c lp2  4.028696`_0.000140
		al 90.      
		be 90.      
		ga 90.      
		phase_name MgO
		volume  65.387`_0.007
		scale @  0.0010337506`_1.741e-005
		space_group 225
		site Mg1    x 0             y 0             z 0             occ Mg 1.
		site O1     x 0.5           y 0.5           z 0.5           occ O  1.
		TCHZ_Peak_Type(@,-1.00000`_1.79176_LIMIT_MIN_-1,@, 0.60387`_0.43927,@,-0.05780`_0.02612,, 0,@, 0.22472`_0.02660,, 0)
		PO_Spherical_Harmonics(sh, 6 load sh_Cij_prm {
			k00   !sh_c00  1.00000
			k41   sh_c41   0.73830`_0.02561
			k61   sh_c61  -0.24024`_0.01785
			} )
			
	str
		local !CIF_PHASE_ID 4
		a lp3  2.636639`_0.000529
		b lp3  2.636639`_0.000529
		c lp4  4.243849`_0.001323
		phase_name Ru
		space_group 194
		scale @  1.27691322e-005`_1.254e-006
		al 90.      
		be 90.      
		ga 120.      
		volume  25.550`_0.013
		TCHZ_Peak_Type(@,-1.00000`_2.48486_LIMIT_MIN_-1,@,-0.22720`_0.54548,@, 0.02408`_0.02944,, 0,@, 0.00011`_0.16316_LIMIT_MIN_0.0001,, 0)
		site Ru1    x 0.3333        y 0.6667        z 0.25          occ Ru 1.
			


C_matrix_normalized
{
                             1   2   3   4   5   6   7   8   9  10  11  12  13  14  15  16  17  18  19  20  21  22  23  24  25  26  27  28  29  30  31  32  33  34
bkg20959184            1:  100  38  44  26  44  -9  -6   5 -18   6  -3   0 -15  -6  -5  19 -18  17 -13  -3  -8  35 -23  -7   7  -7   7  -1   0 -30   7  -8   8 -26
bkg20962256            2:   38 100  29  63  23  30  -2   3  -5   3  -3   2  -2  -2  -2  25 -25  24  -4  -3 -12  32 -25  -8   8  -7   4  -1  -1 -13   9  -9   9 -10
bkg20964048            3:   44  29 100  29  49  14   2  -0   9   1  -3   4  11   2   2  24 -23  23   5  -2  -6  22 -26  -7   7  -7   7  -1  -2  -1   8  -7   7  -1
bkg20964816            4:   26  63  29 100  31  39  -1   0  -9   4  -4   2  -5  -4   3  27 -26  25  -2  -1  -4  23 -29  -7   7  -7  10   0  -1  -8   6  -6   6 -10
bkg20964304            5:   44  23  49  31 100   9  -1   1   3   3  -4   4   4  -0  -5  21 -20  20  -6  -1  -1  19 -21  -6   6  -5   8  -0  -2 -21   6  -7   7 -22
bkg20965072            6:   -9  30  14  39   9 100   3  -0   8  -1  -1   3  10   3   5  18 -17  17  10  -1 -12  -0  -2  -1   1  -2 -11  -1  -1  21   6  -4   3  20
lp5                    7:   -6  -2   2  -1  -1   3 100 -47  15   2   3  -8  -8 -41 -14  -7   4  -3   5   3   4  -2  -3  -3   2  -1  11 -11   5   1  23 -25  26   4
lp6                    8:    5   3  -0   0   1  -0 -47 100  -3  -4   4  -3  -3  10   2   3  -2   2   1  -1  -6  10   0   1  -1   0  -5   0  14  -4  -9  11 -11   1
scale19832112_         9:  -18  -5   9  -9   3   8  15  -3 100 -10   0  10  72  18 -76  -7   5  -4 -45   0  12   5   5  -0  -0   1  12  -6  -1 -35   6  -9  10 -28
m66aa583f_0           10:    6   3   1   4   3  -1   2  -4 -10 100 -98  91 -25  29   9   4  -5   5  25  -1  -1   6  -6   5  -5   5   3  -2  -2  -2   4  -5   5  -5
m66aa583f_1           11:   -3  -3  -3  -4  -4  -1   3   4   0 -98 100 -98   8 -38  -4  -4   5  -5 -22   4   0  -6   5  -5   5  -5  -2   2   7   5  -4   6  -6   9
m66aa583f_2           12:    0   2   4   2   4   3  -8  -3  10  91 -98 100   9  48  -1   5  -5   5  19  -6   0   6  -4   5  -5   5   2  -1 -11  -7   4  -6   6 -12
m66aa583f_3           13:  -15  -2  11  -5   4  10  -8  -3  72 -25   8   9 100  16 -45  -0   0  -0 -42 -13   5   4   3   0  -0   0   2  -2 -25 -22   9 -13  14 -24
lp1                   14:   -6  -2   2  -4  -0   3 -41  10  18  29 -38  48  16 100  -9   2  -2   2  20   4   2   1   1   3  -3   2  -0   4   4  -6 -16  17 -18  -5
scale19832304_        15:   -5  -2   2   3  -5   5 -14   2 -76   9  -4  -1 -45  -9 100   8  -6   4  76  -3 -16  -7  -3   1  -0  -1 -17   5  -2  42  -4   7  -8  34
m66aa583f_8           16:   19  25  24  27  21  18  -7   3  -7   4  -4   5  -0   2   8 100-100  99   4  -1 -16  21 -24  -4   5  -5  -4   0  -2   6  -4   4  -4   5
m66aa583f_9           17:  -18 -25 -23 -26 -20 -17   4  -2   5  -5   5  -5   0  -2  -6-100 100-100  -4  -0  15 -21  24   4  -5   5   3  -0   1  -5   4  -4   4  -4
m66aa583f_a           18:   17  24  23  25  20  17  -3   2  -4   5  -5   5  -0   2   4  99-100 100   4   1 -14  20 -23  -4   4  -5  -2  -0  -1   5  -4   4  -3   3
m66aa583f_b           19:  -13  -4   5  -2  -6  10   5   1 -45  25 -22  19 -42  20  76   4  -4   4 100   4 -12  -5  -2   1  -1   0 -10   2  10  33  -5   8  -9  31
lp2                   20:   -3  -3  -2  -1  -1  -1   3  -1   0  -1   4  -6 -13   4  -3  -1  -0   1   4 100   2  -7  -1   1  -1   2   9 -45  -4   4 -27  30 -31  -2
scale19832496_        21:   -8 -12  -6  -4  -1 -12   4  -6  12  -1   0   0   5   2 -16 -16  15 -14 -12   2 100 -52  41  13 -16  18  70   2   2 -55  -8   3  -2 -56
sh_c41                22:   35  32  22  23  19  -0  -2  10   5   6  -6   6   4   1  -7  21 -21  20  -5  -7 -52 100 -66 -17  17 -17  -4  -5   1 -17  10 -10   9  -4
sh_c61                23:  -23 -25 -26 -29 -21  -2  -3   0   5  -6   5  -4   3   1  -3 -24  24 -23  -2  -1  41 -66 100  22 -22  22   2  -1   1 -12  -3   2  -2  -7
m66aa583f_10          24:   -7  -8  -7  -7  -6  -1  -3   1  -0   5  -5   5   0   3   1  -4   4  -4   1   1  13 -17  22 100-100 100   0   1  -2  -3 -15  13 -12  -4
m66aa583f_11          25:    7   8   7   7   6   1   2  -1  -0  -5   5  -5  -0  -3  -0   5  -5   4  -1  -1 -16  17 -22-100 100-100  -5  -1   2   5  16 -13  12   7
m66aa583f_12          26:   -7  -7  -7  -7  -5  -2  -1   0   1   5  -5   5   0   2  -1  -5   5  -5   0   2  18 -17  22 100-100 100   9   1  -2  -7 -16  13 -12 -10
m66aa583f_13          27:    7   4   7  10   8 -11  11  -5  12   3  -2   2   2  -0 -17  -4   3  -2 -10   9  70  -4   2   0  -5   9 100   6   5 -57 -13   7  -7 -69
lp3                   28:   -1  -1  -1   0  -0  -1 -11   0  -6  -2   2  -1  -2   4   5   0  -0  -0   2 -45   2  -5  -1   1  -1   1   6 100 -13   3  -5   5  -5  -4
lp4                   29:    0  -1  -2  -1  -2  -1   5  14  -1  -2   7 -11 -25   4  -2  -2   1  -1  10  -4   2   1   1  -2   2  -2   5 -13 100  -2  -6   8  -9   4
scale19832688_        30:  -30 -13  -1  -8 -21  21   1  -4 -35  -2   5  -7 -22  -6  42   6  -5   5  33   4 -55 -17 -12  -3   5  -7 -57   3  -2 100  -3  10 -11  86
m66aa583f_18          31:    7   9   8   6   6   6  23  -9   6   4  -4   4   9 -16  -4  -4   4  -4  -5 -27  -8  10  -3 -15  16 -16 -13  -5  -6  -3 100 -98  96   7
m66aa583f_19          32:   -8  -9  -7  -6  -7  -4 -25  11  -9  -5   6  -6 -13  17   7   4  -4   4   8  30   3 -10   2  13 -13  13   7   5   8  10 -98 100 -99   3
m66aa583f_1a          33:    8   9   7   6   7   3  26 -11  10   5  -6   6  14 -18  -8  -4   4  -3  -9 -31  -2   9  -2 -12  12 -12  -7  -5  -9 -11  96 -99 100  -5
m66aa583f_1b          34:  -26 -10  -1 -10 -22  20   4   1 -28  -5   9 -12 -24  -5  34   5  -4   3  31  -2 -56  -4  -7  -4   7 -10 -69  -4   4  86   7   3  -5 100
}
Out_pdCIF(RuBi2.cif)
Out_FCF(RuBi2.fcf)