do_errors
r_exp  4.14991902
r_exp_dash  7.79908593
r_wp  14.6275737
r_wp_dash  27.4901037
r_p  11.3634815
r_p_dash  27.145141
weighted_Durbin_Watson  0.10142408
gof  3.52478534

xdd Lu_O_F_raw.xy
x_calculation_step 0.002
LP_Factor(0)

	lam
		ymin_on_ymax  0.001
		la  1 lo 1.540562 lh 0.5
		la  0.5 lo 1.544398 lh 0.5

	bkg @  393.906853`_1.17700701 -170.86716`_2.0686437  130.176732`_1.8307604 -65.132883`_1.78509756  51.0990834`_1.46556188 -29.4630459`_1.43616874
	start_X 5.00
	finish_X 140.00
	
	str
		local !CIF_PHASE_ID 1
		a lp2  3.848637`_0.000084
		b lp2  3.848637`_0.000084
		c lp3  5.309932`_0.000209
		al 90.      
		be 90.     
		ga 90.     
		phase_name LuOF
		volume  78.651`_0.005
		scale @  0.00178274935`_6.924e-006
		space_group 129
		site  Lu1  x  0.5000000 y 0.000000 z 0.78528225 occ Lu 1
 		site  O2   x  0.0000000 y 0.000000 z 0.00000000 occ O 1
 		site  F3   x  0.000000 y 0.000000 z 0.50000000 occ F 1
 		
		TCHZ_Peak_Type(@,-0.26205`_0.03267,@, 0.12428`_0.02481,@, 0.00521`_0.00427,, 0,@, 0.43190`_0.00516,, 0)
C_matrix_normalized
{
                             1   2   3   4   5   6   7   8   9  10  11  12  13
bkg19689792            1:  100 -19  58 -14  41 -12   0  -0 -29  -2   2  -0 -16
bkg19691328            2:  -19 100 -23  67 -16  45   1  -1  -8   2  -2   2   1
bkg19692352            3:   58 -23 100 -22  57 -11   2  -2  13   1  -0  -1  12
bkg19691840            4:  -14  67 -22 100 -19  55   0  -0  -6  -7   6  -5 -10
bkg19689536            5:   41 -16  57 -19 100 -13   1  -1   2   1  -0  -0   4
bkg19696704            6:  -12  45 -11  55 -13 100   1  -1   3   1  -0  -1   5
lp2                    7:    0   1   2   0   1   1 100 -51   1  -2   2  -3   1
lp3                    8:   -0  -1  -2  -0  -1  -1 -51 100  -1   5  -5   5  -1
scale19616768_         9:  -29  -8  13  -6   2   3   1  -1 100   5  -4  -1  36
m66aa3a26_0           10:   -2   2   1  -7   1   1  -2   5   5 100 -97  89  50
m66aa3a26_1           11:    2  -2  -0   6  -0  -0   2  -5  -4 -97 100 -96 -41
m66aa3a26_2           12:   -0   2  -1  -5  -0  -1  -3   5  -1  89 -96 100  25
m66aa3a26_3           13:  -16   1  12 -10   4   5   1  -1  36  50 -41  25 100
}
Out_pdCIF(LuOF.cif)
Out_FCF(LuOF.fcf)